2453
8598
8582
9974
8451
5791
3565
3036
3778
382
9159
3410
427
120
8277
8746
4824
2606
8160
1940
8143
9477
7069
5098
121
9920
4553
1920
3227
3650
2504
8558
9249
944
9543
6897
8255
78
4424
8306
770
532
5059
415
7541
3746
8573
4204
7740
1843
4322
3840
5613
8769
6229
7005
7696
7596
2974
9280
7524
2316
4572
2094
2437
2461
1737
101
7578
4051
4
551
5460
972
4086
4093
5569
6756
9164
3817
7415
7890
4905
6847
2149
6294
4855
769
2408
430
8609
5338
7417
1570
6597
8465
525
4257
7706
4298
9336
7667
8066
388
4412
7679
5276
378
1069
7822
6112
8427
278
936
7337
1674
8847
2389
8595
7444
6150
7
3595
2630
4472
5465
780
3659
2766
6854
7522
6867
9039
2352
2485
676
4916
506
9274
2983
7004
3494
746
9436
3624
5903
7397
845
2177
3084
5192
877
1983
9916
7811
8434
9749
2972
5885
2582
30
6452
1052
1770
971
5071
5828
3240
6488
5061
1237
2951
9550
7896
2882
1161
7739
9960
2738
3860
1409
5425
8315
5674
6874
8885
3037
5565
1866
8921
1710
2669
8171
3690
2741
5962
6873
4906
4452
8094
4859
7097
6228
689
7400
4928
6536
5681
517
2529
8914
4862
8550
5296
3902
7692
6946
6412
9599
5661
7541
7451
6039
9986
3899
4901
8882
8314
7126
2125
6085
5180
8475
9393
7122
514
3570
2956
8133
199
4571
7794
7904
2803
775
7741
8993
7012
5214
903
5520
4975
4666
7959
4116
7835
3144
5875
7399
1026
4429
9750
9916
8585
7485
1142
5004
7689
9706
2016
7223
6887
6866
9716
9139
4109
5352
9786
3076
3414
1836
306
8171
2669
7848
3543
601
7852
1931
8120
112
3542
9983
7642
9185
3280
5241
9829
2070
7971
2898
3507
9690
5250
830
9541
3028
7847
7085
5760
1913
4363
6853
5244
8423
1602
6476
1953
4032
3617
9743
7618
7518
8968
2174
9058
6267
4341
2287
5627
7026
9644
4971
2392
3472
6970
971
5803
6977
3392
8237
5121
3889
5479
5438
4656
7296
1620
5273
9035
