8833587
4525178
5462417
6882135
8398218
2754916
8273210
456445
2632537
7141120
8591989
9795950
3491776
1671746
6741478
4139894
9281923
3586445
906907
5731446
4319919
4681864
7633115
1491366
1088672
1316375
6293693
138051
7062505
1083275
5064181
7649816
3544629
1553178
1253655
7803090
1836774
9230412
1983752
8670628
2852139
4924912
2151504
426724
9886302
5110211
5372058
4581802
676782
7519814
169669
9856654
4110424
3228330
8070103
5306968
8978848
6770406
2444851
7021709
7035651
469652
6967313
744287
275116
9081369
363404
9103327
2830689
6097057
9773769
8790289
1182481
3615267
8492077
9984017
2466586
3552594
5103617
7597734
9595018
9150149
120710
1511875
3623585
2225058
3096178
856528
8346022
3423138
7893416
5620177
9446248
9848074
6301352
7386781
706599
6874022
504843
9841167
2748408
8692737
3055864
8833068
5572363
5202949
8938042
1253049
4769503
1218860
8076917
1748936
2689819
7656258
8220542
6399278
83881
3348914
7499811
2860737
773961
454534
3175167
7219205
1764607
6028707
8086105
8799848
3868685
7276924
9142165
5529136
3403358
8238864
2828856
4092340
3801557
1215810
1149219
1092863
7087954
7121185
7681533
3695138
9084500
5115851
7505888
820746
8939097
3383921
6637145
8867779
3111972
9711522
6299063
9136386
6307874
2650057
4884142
7668783
7008185
1477151
5765969
2049973
3235591
5912638
2265675
3865726
4974945
4603550
2021306
9977349
3277497
4761225
1768752
548077
2491653
4015307
115071
6843881
1291964
9543520
269872
7231849
219049
8842771
6897639
5512163
8296679
1126244
1263686
1745141
8958252
8262825
6668649
2072649
5993425
9419310
1801253
683618
3516662
4122493
3086270
4036260
62993
4327383
8364455
4725006
5832276
7259440
3313404
9968029
3831797
7292842
8903133
7591659
208005
6933446
2877393
600849
6411773
4094266
761503
9950253
6007521
5282892
2219787
3968386
1915086
2064454
6720413
2037684
5664235
1220341
8412738
9596223
8845239
7392067
3882017
1302216
8354924
681264
8018582
9290288
1266139
670966
2623409
3848964
2189614
2639981
9569176
4561640
5850667
1361266
5345796
978747
269249
2806877
6641540
3226666
1410344
4326222
7245761
4609390
8462724
9420947
5006386
221758
7624
4108967
3835189
7868545
5254844
8051756
9826076
171530
1252401
5113189
2436402
9647071
6516758
4824840
1378588
1749635
3884276
8351791
7379090
4402053
550457
9984651
284036
6371251
1242157
7927621
1125577
998516
1258865
6209080
5710331
6256292
9722749
2910311
6050996
6878900
9793116
8589626
2534517
9402409
1829500
2773292
4104939
6349358
7528561
5691284
5936359
1506844
7913556
7055066
4081130
4271929
5721072
3606204
4400758
7376197
3208314
2408775
8721701
8951665
9695205
7415187
4605520
6863178
9259086
2704134
6382622
507768
7915798
6971081
4171088
2869389
1349502
345805
4486851
3517789
8794532
6418139
748752
1453213
6026151
9472256
4491763
5223973
583064
9361401
8423939
6581871
5323069
4199185
597430
3090791
2204251
4100161
4911123
4566705
6787607
7571545
6922304
8002733
5373059
5839589
5516921
5720743
909265
9388270
372872
1891428
858706
5294559
2347943
3277631
53026
3563731
8933836
1081136
4239590
5599754
9739955
2110966
5498789
8190001
7605404
9141698
9002599
1940109
9384922
2293119
1688431
3963992
6714220
5537993
7338327
815648
1132480
5032585
9282070
9143511
9824521
8864954
1483781
8354792
7942415
1028952
1125108
1696331
976084
5957237
964132
9590186
5964708
3784514
7727589
1806288
3475502
662572
3585088
3111110
3223702
2911633
1357460
400525
4967382
8567873
527427
8006544
2882956
4974875
349278
1861898
6012005
6467184
8395265
2512946
9567352
1907007
7729936
1590633
1896019
7860489
3569640
6280796
9719023
9537906
762976
1579284
9902724
8272483
6718931
673993
9463641
1275450
513023
9665065
6768527
6680343
7817716
4016130
5963654
4477436
3031951
623609
3552098
1839578
4525615
1197753
735028
9553620
6268292
9768218
7642821
4797000
9277672
9558624
5904038
4336907
9301484
2218676
4135090
1379913
2937858
5459088
6880702
8762771
3002515
3503670
1295003
950535
5367235
8454578
7425390
7395975
3722510
9660901
7346033
214760
5758370
2487339
5585190
9843627
4110843
7498936
8300233
3374298
8087532
6009418
1476589
1593667
7664326
8184857
9061526
2411260
9536257
5451004
391023
317819
6109039
9821794
2527666
3794250
2233841
8948153
7199873
5178094
1216365
7180373
3917403
395036
1172304
9743985
535463
9175886
5154787
9248167
49446
9904844
3645414
1177402
7724608
7082740
5979023
7761199
5799758
3539362
8063319
7673388
3951305
3991842
7358046
2381565
2463767
1321487
2494350
8648975
1625104
2029304
4143559
685234
5250038
2730904
5785555
4748896
8431727
5264297
7880486
3624095
9631991
4009548
6613541
8325032
5042510
5357103
8861049
9626311
8784196
5912010
8317170
2573693
5959210
2984145
3823973
2999035
6829840
8189946
9863676
6244786
9470759
2579047
900409
4797560
5125905
9599574
5799774
3336963
5198518
428816
5908116
6824964
1312634
4721285
539308
9692777
206585
8664166
6595473
1926311
3353835
1380462
4839018
907941
7153743
183090
3936887
6241460
3294602
4958556
4813978
8468714
463589
2046707
2081146
1580575
7962995
8383484
6344262
3531531
8989410
7386470
1054297
8586354
6342258
9088408
224417
258871
6150385
8361788
8818600
3847085
5840135
6727959
5907291
3125490
1015647
5207122
1789127
6624556
2181832
7940975
4193790
5109044
6312797
8907623
5409556
3360900
153213
6948810
1720110
6179166
1837413
7542375
8888740
628437
4920764
3278268
2594023
3999083
4240120
8834298
699608
9686563
6154918
398245
5031780
1253805
6667793
3945783
3941939
8309770
9683269
1559123
3347172
6518973
4235444
59116
3170620
8050833
3900270
1623987
8144340
8084417
3805357
1780751
6790891
7603247
659954
6180725
65874
2646486
9050044
3908504
1622189
5426973
2878259
1724076
4947775
3283213
4275572
600722
8732121
7301543
3571502
3196683
732844
3626388
2981828
8486487
2142155
6970603
3557574
7678223
8994050
7644586
9636288
3755932
4506561
541950
7546422
5511669
6419448
6951218
5637849
5769713
6366194
7807114
846372
2655740
4110212
51678
2947282
2226717
8078663
6144575
1412857
552626
5043329
443623
1360882
3429050
6026456
5170645
4466120
2300016
2550547
2984488
7903858
5683391
7204577
2802100
9404450
6416529
5165100
440253
9320054
6377744
8789272
5894620
1239503
1989572
5687808
4629560
1134523
5772686
1789388
1121095
1280290
1494721
4824095
9077227
9265556
3046137
381933
4253857
4292381
75666
2243494
2591222
2662712
6630749
1033416
8514911
1858895
2573795
413194
5677158
7947395
1382948
8008507
5158224
4169823
2096468
9057204
4204388
9532583
7622707
4367587
1948121
4966279
6413055
592693
7237732
1198222
9583117
54754
7697873
6866196
967794
9395046
8448932
7598879
3308794
1177850
3532525
6798075
9798528
243251
3021868
6680218
6542216
7082062
4040025
3769317
8150402
3797109
4465617
6480835
5637032
4318670
3974728
3695714
3073547
9457895
8249416
2296047
7037411
9110487
8677325
8518666
793856
8463996
1673581
2680169
3362493
2415582
8875268
9336672
2145884
2573087
1890445
5263866
6635002
4190820
3027754
5777671
9856942
6182431
6489399
5863120
3693100
5956799
2879316
6338785
3971461
2238847
3560068
6856397
1324510
3265740
386109
6920040
4204660
4789910
647702
3306556
1162011
2173893
6678927
7278611
514616
3527953
4514848
7804072
6879336
6320020
6227038
7630168
5681764
8178429
6123349
7508142
8726553
3711530
1866872
123875
6184925
3084193
7750755
9362223
2943985
4819798
8859649
2417606
162881
4837270
1655180
1960573
6093726
6086274
8642008
3079955
3750602
8309677
2202695
5042352
6847838
5440905
5433669
1045578
9579170
8934846
5871308
89861
272260
8934452
1366237
3850449
3728446
1591226
6045589
8007451
2145508
86268
8297169
1873583
9921573
8939615
2016004
2357700
3351244
6049077
6973002
8311793
2250359
4565803
4097031
9131390
6883736
7192357
6705863
7114042
220601
8780052
9278110
6527876
2505317
9205836
1227371
3601947
2406425
7425027
4321491
722372
6594867
9324716
8883951
5003013
7502694
6543684
5721044
6096756
7226413
778147
7837656
623139
4064551
8258732
8436094
910434
7016880
2062539
9436535
3884972
2723152
5715187
7814346
1887824
8782078
141266
5418622
958675
7166671
7437604
1617956
3699034
1539980
9172314
7113602
3211650
2675611
3953550
1566807
1810292
6900343
8865465
7306233
3203811
3501512
2034866
6313078
9680680
8379757
9070536
7925556
6454937
2878094
4408295
261135
3781764
8681162
9698278
9223985
3710689
1953921
5287034
5146818
2416636
2476908
7575472
8610325
933849
6435621
4574766
3790208
6814975
4734417
4335792
9800781
6747331
2230758
6093740
7935901
5480673
7123511
1947997
5452024
9555551
3879382
7688472
4594878
5268574
7544472
4983016
8940377
9070696
2063350
3556603
7802019
5166910
315878
1221486
3451180
9470457
8982467
1658505
5203336
1261988
7061308
4703305
9042396
3913809
2886506
1557176
1386971
3861686
833954
7820772
846526
2641371
5552173
540004
2372041
254335
8518206
1556854
4074892
9386935
8994093
8373946
8169374
9079520
9047291
5470171
3988349
3326710
198853
3545699
2828215
4787410
7475999
1528241
1498490
6292838
5171184
6338409
3882946
3163120
7447581
8390556
7563406
7477778
6081345
6596504
5613901
1392725
7093881
5243048
2042074
356077
7802755
6530189
3036332
8647451
5907744
6785510
5171404
9050112
2628956
1411181
6031576
5662616
2626790
3473535
2330054
3866384
4458954
3511239
5534509
4287886
6667591
3616529
5253032
8228877
6240008
7135059
6191331
485412
8149339
6433375
5361180
1736102
6956929
5099088
2401747
6752394
4046040
7667292
7369572
6568338
6956948
9507824
7159617
2444663
506322
1861463
3838928
6971674
2899220
2179165
5606128
2977806
3879899
7896995
3834058
4045382
6118022
2570366
7709548
1382438
5489770
6894770
1353446
559207
688712
3556172
6985639
8190142
7689207
4082747
1694002
3027115
9985507
7910685
4672772
8126678
1242587
8730279
6415062
764090
3020150
844530
1275820
4588995
6569148
8751023
65690
4152507
4350512
6448873
9892892
5382617
3888725
9075969
4339354
6844681
3848220
8397880
8238967
5695981
9808512
5398193
7820026
9128116
5114335
7761141
8780474
6788258
389946
7390864
1983784
2180055
3832187
3277656
8894919
1367254
3234734
8000092
6619955
5437859
9846385
1942924
5469585
9133921
3629129
7914151
335895
1811807
9257102
260707
853385
8470076
2285481
6810675
4309431
7966854
5318671
9011033
9575924
2745849
4720146
5483355
9953064
9399930
9431567
6885992
7747845
2223462
4806813
5449723
3653964
2539327
6016844
844891
9556496
5033873
7544301
5141576
4253834
8592745
7562062
3540338
7771014
3202868
8577904
4279607
1432718
6370568
8627809
666806
7670855
2203145
513333
533793
5660784
3810901
103838
3583249
6311863
5008966
8562321
5071127
2882178
432972
7503902
5061325
1543912
4129933
558970
6092226
9594983
5445429
9588366
8510793
7694207
7600458
8885866
1958406
6491374
8736114
6103615
3533647
7330296
7401474
4349067
8010763
1321998
4469868
5927363
3158542
1016854
1290972
4540988
3682844
4148673
9520918
9408902
607090
9480296
1519896
1730284
9008448
649458
1466449
1193362
5943570
5095313
6410002
7817748
2126142
1640132
3367860
2319037
5459630
2107341
3270194
6397341
1882034
9476197
5066338
2876854
9145529
7505074
3627933
4461355
2132382
4499409
3219249
9021030
4099502
6957061
4252277
8788831
6847592
7192945
4803950
619995
4226777
2726442
9945101
4556253
7619172
4209242
1315570
8336624
9079853
2977908
6577075
6209595
7671196
8934583
3385316
1426871
7191560
4390931
5344944
3136787
8977856
9754489
8045884
45832
1752477
2493329
1726704
5179657
1588653
1683973
3370520
8350325
8984281
6629233
5111191
5524415
6762783
9526731
7712298
7187047
2060584
8975514
7578698
1009731
8014308
3227329
3270194
7655349
5926805
9520738
2809131
2391492
6669637
8580433
6208486
9333723
870665
1420701
8594306
9603275
1038910
8961172
8056078
9459039
5194846
3644620
8930932
9551616
802834
6240674
5612284
1847604
9843391
326037
4170842
6485128
716533
1550840
9085643
6847108
333404
8732487
205037
7476534
231981
9062436
692340
6108517
3843595
268018
158109
8056686
8140569
8440546
8440770
8466968
1811271
1422594
4569602
5539609
3837392
4141455
2328833
5720742
889296
4082475
8538875
77661
9308779
2215027
2680503
9597368
7614601
7115612
6810020
5985852
8444676
7776638
2848248
3695927
4639811
3646131
273421
8374390
2777404
8812728
1007853
6694603
8879534
931971
9860485
2628520
5248378
4484036
8272215
5612574
4422904
2259721
6308143
6774712
6104343
8590569
2850672
415271
5563893
2770752
6769639
9272268
7524686
1362389
2480419
3752089
7801016
3632667
1748224
7269406
6081392
5240258
9856588
2115610
7157933
1470157
8330263
2862875
4633204
2810222
8287553
7211390
676551
2469325
8194363
7400189
7755546
7556179
7302001
8827386
3434164
3069524
1373047
6363515
7307783
594514
434361
2992079
9936215
1656789
9243568
9874285
7239362
9054837
9915137
1710347
236223
8172916
2724407
6357611
9236416
4270923
5492713
3066176
3634441
1054258
4154014
9405541
3310383
445868
7113179
2981237
5306824
3414278
3828378
378239
9930195
6955577
3684770
2418421
3715849
2883967
4673959
1782128
2799629
9954603
2653444
6319377
9154757
2024134
1032564
8964093
3881333
1448426
7616193
3065128
6276789
8723678
34726
160775
4769149
6496212
3698630
5748808
5960957
8497872
6538143
7442023
1010244
1708152
2923422
9049611
4365938
3100741
5107746
3587596
8478636
701390
4296129
7996988
9523632
2365580
5013952
2436128
3401688
4678654
5835017
7414168
8323960
8687701
6725668
2745463
141098
8793619
8271396
3330065
9242456
6063436
874616
8103405
3329982
7467081
2647061
148628
8662228
8099488
3167521
7927936
3467599
4317994
6535383
9864701
1141825
1906680
1222751
7095980
7573267
4873439
6112624
2115461
6480610
7292157
1807947
4239772
9001064
2721594
3806035
6356469
8933167
3164131
9455225
1249884
3016842
2271749
3745293
9951449
6424321
5563190
9930497
9023984
7239140
3785441
9743852
8464797
116333
4234277
4533487
7000392
8545555
8842779
3036760
6945926
7179828
7153365
3704989
6515469
546121
6908000
9501507
3494493
2120026
4922922
917948
523942
8225268
6158337
8588474
8895569
4509825
9450191
328915
4721191
8853936
4240253
8687532
8613820
3481316
3822398
4166433
7606591
773372
7117112
6157363
5935761
1827273
2792894
8332935
9526939
4152207
6672331
7744066
7549137
5064200
5792339
7196695
3239060
318366
232101
8615603
5348512
3308489
6878973
1050416
1030634
8767353
7671712
738660
756103
6317236
8542020
2212990
5938314
3448510
4269575
8824464
346946
4545316
8772324
8251032
7102203
2430775
9972974
3570151
4067442
1570233
3314249
3296708
1795733
7549531
8239628
4422210
9836347
5736343
7512914
938445
9170028
3136090
119124
6588598
817276
1370002
4670836
4661082
3251817
5431386
1738274
9526066
4151770
2417187
328026
4312021
5233932
6785431
5854473
6629276
2442009
3855179
4379613
9569942
7597481
1244102
641109
8348248
1772210
8729845
5445060
3892638
5104752
624817
1369088
3460735
2557787
1170101
4403020
4920546
201893
2682669
3148546
5726046
2011340
8231104
6505909
9812529
2870460
5468572
5394797
5646921
9514511
5917749
3988256
6490463
7466875
4480994
1182596
9565984
8684808
7240015
3582883
4269211
1588854
1712820
7152760
823365
2426417
2651750
5858990
9848525
4507886
8194927
2135228
202034
9754097
5724425
5796202
7143459
5206805
4138030
5152605
5387423
5679213
9407447
6508634
1929837
2561540
3274341
5968275
1667890
7946947
726580
533054
4781353
2706074
500637
3843120
8602588
6913790
4272029
5595181
8274854
1119710
4424272
2664922
9883311
7354338
7327780
4268210
6940381
9475681
8913710
3114513
6116864
3486482
1993717
9437599
932518
9790178
255135
5032731
2754530
1004040
2152110
9986204
6899613
910853
9016700
5652234
7895196
2405897
5630024
3613801
2027454
4883861
8221989
1858258
7188703
4410721
4409216
6205081
9733924
3238514
1934234
7142356
5565968
8746308
8235072
9660161
7991239
5728586
852871
6413206
8022456
102623
9476162
2601693
3752296
6569355
4023980
4328524
4181563
7537605
9585967
872606
9457721
5709436
8266188
5312162
3864461
8124790
18337
7238575
100166
5176458
9413577
5920458
3392983
4131816
2948247
2209259
1822409
3035663
1977182
2721877
4852096
7518874
9649424
392372
5525848
481
6326620
1354030
3038535
8046177
6880380
9294657
1465919
6234146
4993439
4922123
7322158
3779487
4130444
9983827
3311018
8381411
2197713
2402894
8146577
5282783
7077334
1525521
2641493
9369433
3199483
218109
395643
7287127
5107847
3609349
7365250
6016880
2576581
2641680
8352326
4124784
3253209
4278093
26567
1990332
3030412
9204453
9476582
7717664
1390676
2174115
4484628
6147032
8821249
9760756
6728731
9409154
6062922
5217035
1938411
8803061
434612
380730
1664949
9428386
2766791
126760
9774410
965971
9580280
5732549
3031404
276023
9062969
9705891
9213830
4070980
6125521
6118562
8083621
2820608
1358151
7295617
235761
259753
1064075
9829424
6357621
6394558
711239
319112
4752925
5740860
2122469
3980293
8119412
6678844
5515166
7326526
1516548
2270954
1105235
9493133
2219380
7665431
1405889
5455637
8726916
4295739
4580564
8389211
578158
6486545
1250107
7722193
2826192
1789796
2007992
4055824
9030519
2399822
563292
2054050
4450033
1334318
7909656
7651340
6753871
3718395
6209573
6483128
5014592
471829
7186696
6312608
9007903
8975004
8735040
7409284
9915459
2876937
5182358
1328790
411958
1109167
1186039
350135
6815099
4382190
6593365
6945696
8486674
5966485
9764008
5090903
9995352
2398104
9831121
2964672
9686492
8899151
4168440
9648364
4251566
3766409
5934299
6800096
2649551
5756708
7979488
9962927
4304912
8585591
3634388
3159575
5891561
7056137
1931844
4732938
8209450
47787
4675757
2010866
9670210
6620320
5431377
7305245
5730519
2826090
5991795
7999608
4246662
8473960
4166167
9036120
5170983
5051335
7838695
6981936
9270714
8285999
4163432
1036563
4621937
1417430
9488443
7835999
1516174
8147613
5143961
3716070
6114399
7454275
6582570
216499
693013
5974844
8525586
6038936
3648573
7507363
6748234
1416261
5562878
3324919
7927265
8907135
8577232
1463098
2578199
7998944
5084496
7915333
2525336
9583853
8319800
7758905
3576258
366916
1815557
9634760
6113511
6571732
6883670
2717196
1169688
928377
7297622
1334836
7218168
6859886
8169350
8742244
3390260
9027789
1650638
8191887
8120499
9953764
5535973
6419045
8325421
8303680
2103597
1927690
3137081
5601899
3603756
8053209
7941152
4637862
7687917
8678266
9010435
4633626
769954
2690960
6378112
5360157
9820120
1799848
2761136
4821824
3414873
5158301
9322601
2872678
1000332
3401010
4853025
6184747
5274522
4158403
3553918
8357717
6353203
890079
8023099
2640998
7956442
6966288
8269672
3733329
5237801
7326857
4627638
9431719
1075292
759862
2290612
2520642
2653027
6867730
7856126
8224059
2984741
3126363
3746534
2786990
2665132
9093224
4664531
4309971
5582247
6783288
1344828
7828901
8583886
8507063
779518
2814413
9163268
6052860
8823231
2759024
7113979
7995812
625131
3327012
5801474
5129096
6688354
7661040
6208184
7538139
7523538
4871251
2231522
676540
7841519
476644
8848881
1952782
2021383
5625239
5710956
3799727
6193508
5288622
7484486
3974273
8693295
4308139
8837807
8922431
9869753
4164139
6347342
1445484
4274164
2646302
1800427
9615772
3107551
3222238
1379651
9916052
2471679
833171
3036141
3914237
3446850
6089669
9993990
4435761
3310756
397034
1775290
4158668
3316184
409076
5395003
6831916
7361368
1390669
8447186
8905306
7615306
5563612
2688790
7259806
7701376
3316948
1424599
6939934
1396096
2282057
6506592
1315291
4965897
1704471
1083275
5936167
4243284
7288480
2369322
6498584
3334784
4747285
4653106
796999
456581
8660530
6519491
4318300
7809784
6922755
7837476
9218613
6635751
60398
1447121
6824817
5632931
9001639
1677361
4515567
770210
4502528
6836172
8862027
7197727
6364447
5636738
8246370
9434692
822138
8158081
9826531
4304696
38133
385882
7678562
2192572
8508593
7638943
1223346
6112852
7367179
6259083
5632309
4808377
9067728
4826923
8807170
5638658
1733160
5863387
2741623
5371076
4577154
6486441
598307
2154033
3236810
1814875
4672229
9929693
6598614
8045713
4562260
7334957
4756694
3079090
9335171
6742813
1111477
1324191
2242100
5512271
298517
5892139
1635203
743543
7631384
5766466
7132651
876194
5049152
7739052
5793031
2321485
3178170
2909227
9085561
6986140
9049441
5365952
7780480
7023297
4257061
6307786
8534314
6437409
8899828
302603
2907624
5273388
2517261
1648783
6828257
1036284
4412902
7871891
6100965
3716320
2251955
4275592
1464696
5335120
9626885
8162819
4911714
2282472
403819
3853029
7508123
8878987
94167
9943547
7793236
3578546
2240074
8397886
8985645
5015413
858907
991074
2686722
3704446
8361162
2401888
6547668
6618806
2037793
814097
3454150
6098129
1207106
6273603
182900
1581110
1418019
4245632
4197603
2509960
1725608
6825903
8276742
3420257
5986521
6881941
4003995
7708151
9365956
1035505
6802128
4857986
6804569
5844331
7154281
7016842
1062799
7801175
4931862
4718574
4141740
1840406
6336207
8288386
7373848
4927154
5861542
1000062
2283369
1001303
8899654
2411400
6435580
1058358
4132104
5469522
5925510
7471504
8693659
8956139
8900988
4793934
3241071
7633944
2571499
227771
8524152
6058781
9523453
5705714
9831556
8438281
7844149
103761
771497
6146139
3550797
4488144
3248093
6542245
3127676
5496905
6206867
1602408
8593577
1966242
1748339
2527386
7453380
7734095
3546552
6979491
5131692
9188151
9159736
8886045
8043182
9572742
4783235
6852456
1323344
3328856
8270177
6143725
6425046
2813779
3833307
921707
280444
6631606
9741736
7966439
9534365
3503164
8539293
463413
474507
8113635
7836545
604619
7715380
5698443
8566431
2729778
2437093
262718
6743857
4525126
4036680
7276943
4232490
2400688
7418882
5451132
3797371
8582939
1834846
3762152
3809870
1688325
6171419
9293597
8371879
9584074
9900318
8644847
9339059
3196290
8515604
675741
7748299
2591305
7219531
1175543
3492505
2134806
6860990
679660
3736147
9824242
1687385
5104808
2527961
6993566
9339946
5133138
6342524
8505338
9704115
4348026
2870374
273784
720757
8009088
3276674
503370
6070636
4051154
1361378
3381005
1763705
5401772
6579175
9125977
6096388
8034045
1715448
2280259
184221
2306366
164822
912815
4333793
6087900
2221784
3015094
8887143
6928430
4568275
2780861
6853341
7103403
2230983
8692067
9636161
9749858
7681527
7373477
6473402
6506108
7465564
2032255
2822504
7077849
2772254
1964764
2858810
8975647
6693417
91335
6496925
1303476
7572109
8770763
1902271
9925301
4803209
249823
329074
2596412
724031
7019106
1302692
1718522
9820850
9074998
2658276
9262381
4377620
9628623
1754454
3098947
3906055
8156106
1299824
6489884
4221649
9850519
5661718
2810480
868067
3514388
1270812
5712772
742772
5722651
7791815
884001
5239610
7689495
5099599
9315228
7999485
2688476
4781788
3567256
448136
6103873
3882942
7905718
8700420
7232243
2912141
374512
6123418
1806640
9754881
9886473
6876012
6881978
6061870
4232505
7080564
5198568
2931425
5545067
1932616
4431825
8258823
8199289
9017504
7839688
8995106
394651
378131
6735316
7739464
4732501
8466019
1941107
4583471
4989408
4008204
921130
1932099
5983638
7035372
9642587
2145551
941790
5842056
3382884
5277622
6094899
2487606
8677466
6930407
5368098
7597010
9394555
4301857
8975148
1683567
3526449
1871776
8488974
4990777
3703058
6853537
7531564
2938717
3661872
8532904
1611357
9660563
4949567
4922006
2833551
7827802
2983974
4775633
5218471
8988065
9271137
2948691
4185450
4977434
7050748
2317768
9394415
7619402
934178
6046407
3584639
885647
7202939
9842841
1309905
6969063
351354
5040568
541559
5307499
3185741
9826286
6995732
1496928
2333476
7746359
5738248
1245774
8368756
9742115
7130512
3047416
9927932
8395926
4501943
2085848
4165799
814149
9069272
7039832
1695232
9629661
3570296
913780
2756076
9975863
9839447
6798978
2775225
3965634
7124790
9556701
9708322
3202922
7330847
4815078
2594552
4161229
568896
7384550
609469
882444
9406154
2222086
4566898
4381071
3027552
2412225
8299365
8383087
3158518
283449
5637604
6585270
2044516
9741208
9813166
7489989
9042802
174374
6024195
9052086
6454150
4879745
4632909
6868646
7107058
9849659
2004406
6449034
5904218
1980607
8349859
2221785
5050778
9286175
7103242
3366528
8006234
9535533
8339192
9303283
336488
7889026
9530666
5728109
6589946
8565395
548560
5453219
1081252
350477
6221438
6991322
7038506
845150
9002109
7818092
2954653
9750702
6328706
8553299
7180886
7202646
2121530
8920290
1809792
9189423
9522888
6275128
4718114
8430348
2465665
2740866
4273891
5737478
6947419
7539047
4659881
3849039
8990273
6979676
1025053
2997411
5182913
5752547
2748093
5062550
3429496
9656951
9981736
1062135
6071318
1713430
3343913
4942615
4900581
720367
9131520
5160717
7751615
3749894
2754882
4382869
9333451
1821659
1225705
6780373
4758628
1049712
1478648
1861088
2826648
9926864
5066324
3553710
7536507
7092540
1339899
3348711
531242
2924244
612130
6700296
4218447
2599466
5997038
2606720
5164249
7893938
7630103
7311613
24204
9913805
5795176
4406929
1753141
5203443
119066
5268455
2126970
3227253
441997
5717759
7712977
4092944
1231943
7079832
341176
1565424
5483062
2393544
9857761
7914580
5923254
1432459
6482773
3946861
1053122
1406442
2447547
9689710
1048375
3739851
7753569
8629565
3879981
1160021
2872884
1148227
5141153
3480149
2001167
859114
6017496
4923553
4078154
913987
2596430
611678
5206083
6032423
6284259
4926120
5325354
431
9484024
9855335
4047599
7691236
2884537
7149553
5399906
5280442
720764
4132868
8899910
2259365
8188012
9359301
4860037
4094507
827090
950088
5110134
4937788
9144919
7412267
6431308
5661249
2994841
8014100
2909744
3671638
9313095
7380691
5147841
7454388
3692742
6873602
8810985
603153
973555
3531133
2341817
7210204
2536180
5871317
3839843
2924651
8311111
4697617
82799
3729540
9647825
6197620
6457115
7545594
5136636
4088014
5168451
2138435
5235661
7334429
519164
6487803
3127494
62700
4268209
1771436
8614977
678413
1129895
2422876
9062741
7924578
4321469
7341649
6400903
2632582
3735546
6265889
2029634
5259512
4791851
6561601
2098030
955330
4313825
1239437
4078005
5866234
879111
9878962
1813692
655982
1008976
322058
299089
9814796
9290248
491211
3321472
8225909
64328
6495138
6805345
9672628
671393
5303276
8201479
5494289
1403897
7702333
7587839
5437249
5302004
9992254
9283982
6897549
1714590
935569
3727760
3214715
1152977
3843228
8122942
6451574
5380589
2361707
938616
5182859
5910195
2520269
9726017
3215742
6121471
2903910
3915686
878374
7065096
9436695
4267605
6537829
4685616
1191785
8469285
2346821
6673830
8888619
8011465
4868875
450486
8294366
4918408
8194604
9886541
6615871
8169520
4437048
7281322
1149995
8721301
4082001
8848370
5954356
8923357
6569586
6499830
4107159
6819549
9696273
6073712
243895
8335021
4951869
2314407
490365
672215
4743969
3895310
4655630
8373651
6612688
7563484
8605083
9456609
9001427
9089734
3103046
2784525
2924776
123548
9095859
9412251
3962593
4280824
8400666
27069
9409653
2833375
3071622
7804574
6123170
222634
6334505
1008406
5635867
2286095
2912277
2484948
4440197
5563472
6808308
3838996
8999662
4340591
170629
523580
7006099
3192572
7729677
336932
8677181
6703829
7483709
1891849
4476279
4770971
9800114
1507456
8537211
1435679
3907567
6670646
289308
7548154
2873068
1724259
303591
2727772
5589571
6761273
218791
66030
7044026
3839127
756287
7807982
6192320
5575471
6295945
5851789
4136735
9946489
9260253
1322069
3983181
1681137
2641986
6701236
7749594
5029442
4411097
6044058
5003556
4880285
3249346
9654114
2526296
3213798
1086630
5266930
4231913
5695838
4250826
4263026
5814769
8856735
1693374
4725150
9154658
1743770
5715713
9257487
7378496
7196608
7897063
4400638
2658908
6967211
511946
204692
5324251
1790462
1626231
3063718
4661219
2209039
273375
2268535
8910344
8465846
6637917
900610
4386347
8099536
1011191
4668473
1399407
8013468
4434583
8079042
7710091
3735682
3408589
5939769
8619808
2347248
821281
9603528
6480287
7128615
5337707
1596698
1399745
1358345
1892138
9311883
9230011
5895870
6637930
8300262
2538073
189727
735236
8364535
5197063
9174906
8694600
1131992
1475954
9157816
8644932
6078202
6063776
4234526
3857215
3075385
2333360
1047812
7130685
3455485
2331243
3760726
2236153
8306546
3474511
3009215
9511456
2261949
3741985
2293552
5917012
3395608
9266312
2778145
3384744
5002258
5665160
2791512
3131608
3020454
7193839
1453005
7759313
3646910
5858348
6800124
7424701
9294366
5996941
7550037
1140689
7461148
8519992
4201146
9355513
6309100
2992036
9565373
9358460
2787616
5046550
1019053
773100
3994988
1243132
6770091
4424482
134297
3408415
6261341
4204628
7899621
9746167
464885
8211007
6419321
558684
1269194
2395647
3986675
2290715
420885
7237843
2724199
4788812
7555092
5541387
56430
3163115
3733195
7357570
407032
7445242
1603933
6248162
7889565
355102
5813719
9627895
927275
5921048
7614191
4763942
2715788
9441990
5749827
1160203
7233610
2336671
1655732
9517150
9108837
3794477
755428
7233364
7066493
4823804
3220793
502750
4909460
9288117
6941016
3461871
1026932
826490
2644730
5554682
7277890
4174560
6129246
9307346
763068
4333483
5373063
2043726
7477417
7278567
942607
6722508
5126110
1455969
6551414
9039828
3490585
184924
2889747
216639
4647206
1264661
1914870
7477973
2069607
1579260
677025
7131623
7186781
1300376
3453352
8366663
4322540
4406879
8471837
9417628
107936
9672120
829551
1578056
1436788
9013633
6344297
697472
6825452
8156776
2025982
258829
9641499
7932920
7613816
4908748
8081973
3214430
9197735
8400844
6010421
482864
327153
5312788
802913
4333408
8207470
1610654
9206758
7837732
2594499
5159487
9881672
1619098
2819231
3616927
1771631
1737664
4010163
3797090
746708
7040600
7027631
3554850
3057651
2500763
7884398
4515978
3062027
6249280
1498978
1566574
4409224
4501625
1512966
2915533
8412670
383281
2600905
2756755
691102
9780354
4210971
7083130
7326738
9772058
4997055
2042271
4766771
2946141
5337543
3374333
3485527
3955016
1283404
4935153
4028238
3039444
7037930
4083338
5473342
4928270
4642758
1797816
578754
516878
8929555
5792753
8918548
3033642
2994018
5609642
9170069
22816
4458613
9691745
4377406
7403914
5612738
5783971
9495767
2111818
1153751
7651650
8812281
5378434
5699581
3074579
1942227
9585922
9503417
348075
1015775
7803108
4873196
3110686
8398800
6610861
7683425
6218584
3832331
9628859
8064105
8599575
2228758
1275277
1861298
2545017
8528898
7722613
9786151
2735876
4002555
4756989
4303956
2449493
9166205
304872
5262071
8856564
2094997
2760385
4015324
4093188
7322201
4927923
2379761
3880770
9747851
7388988
7130387
866923
19235
4408786
2955786
5573421
2699488
117265
6792302
3862641
6206531
2630907
4282712
6171814
3983082
9025746
4739084
414829
9649533
4628708
4436802
7414156
4994976
5963512
9326461
5000947
8577660
7869027
7322664
4509145
4434731
1802103
7213448
1289934
4942048
4143525
5931394
9085662
9218455
444934
8437197
6627837
8634852
3986111
4788773
3661617
3966956
4756257
7103698
2749652
4521645
8029460
5070108
2671029
8170285
73745
2420883
9006405
2638493
2214684
8358250
7588396
2630238
3468753
7300703
6896573
4405275
6268195
7521365
6189416
9282366
9418328
4256738
7190873
206783
7359873
5687015
8487122
999081
5053017
823895
3439509
6193198
3356544
6789127
4382497
475379
644552
9226768
8150918
651486
2584869
3664385
568626
9798788
3497456
7523224
431102
2799269
9517698
2174633
6727452
4805080
5908654
1949756
6372570
9352756
8297943
2331839
3558204
821296
359127
2695194
5982002
6720280
8514035
9902185
7676535
8897678
7601690
7829321
2935656
9173007
141042
4465846
923474
4130059
5808959
2612950
5951599
5844380
7061482
2409015
4123202
174249
1445540
3916046
3067825
1909863
1079931
5824749
7828773
6554020
5028549
1970430
2615317
1798541
845447
799190
5094792
7864225
7440478
4183654
7175120
4788152
2595908
1059717
3816134
6470621
4958508
8240581
9308480
5835094
2138309
5461606
8671781
2807957
3664307
4219261
349124
6990985
9979077
289754
5212808
9877891
6398381
7947639
6046729
7257333
4018481
9852021
1133601
1048312
7923053
327682
5350659
1229878
6723185
1340775
2265368
2755589
6458117
9853465
1123012
9384169
6191019
2439169
3331002
6211364
2253229
8049802
4070058
5353944
3022019
2648747
6000358
4715408
6361115
57954
3681125
8053858
7409806
1814921
9285003
5676124
5275644
5095013
2463986
8998151
3367368
1826883
9811518
8940252
9598824
4013492
2265828
7666783
9501295
9968522
2012388
5533345
7400801
3687707
3968839
270636
8248550
4896906
773565
3412566
5436907
453492
4349513
9767304
7989815
8724882
1577762
9333384
3885832
7327837
6390691
7479083
4953496
1184377
5682530
8431726
2772968
2234980
1835443
9164668
4324435
4346934
372190
5623131
743009
6965540
7271815
896171
2471397
8878078
6822677
5420504
9345841
9095247
7537544
2592983
4707396
5302046
618373
9271992
8499816
1589820
2733759
9564071
5496918
6253463
2459961
2020583
1296445
7322569
7636770
4910253
524106
8192511
9102404
1586948
8810585
8231289
4796986
8138021
2535972
3560172
7062067
8477140
8080194
1340980
5114024
7836477
5374692
6850084
4132083
4216662
8919685
6378988
2177083
8768944
3113056
573602
6245000
312497
7730979
2209114
9159639
6230808
3707120
9594590
9721786
1844659
8976286
1811247
9557520
3025154
9080147
4810548
1446245
2288818
7476704
8033107
5559431
6907776
6051873
9656593
2003910
8671564
7200677
4840627
338984
8853097
5027172
5408901
9324482
8659886
4706389
1293568
3057305
4992578
5858195
3764128
2866867
3686404
7902149
7972910
7865267
7577177
2794021
7671410
885874
4711938
3288834
8086595
694429
2815419
2931897
3893488
5819651
9726969
7348444
7980164
125722
5938632
5084138
3273509
5336904
4593552
242848
4278879
1124969
6344929
8474722
7184090
9082965
1329243
2486760
7387863
2934277
8173476
3179674
1135197
3663788
434610
7759035
3576848
4908385
4160633
6725278
9017386
906905
6365885
7516322
376068
6585014
3129505
3758193
3956999
6938439
7754316
5573153
2509883
778294
3964487
8201529
4259847
2115210
6473791
3312521
8094674
984314
1422359
9810947
5419969
4351004
2158283
8691019
7327598
6887885
1631477
9544850
1670005
876080
1270698
4702598
8392727
4259551
7630657
662716
3049768
5968954
2324669
5464994
7811182
8031916
7799278
4965648
6469559
4699548
1360866
592914
4961784
9844370
2530190
6093200
1744802
5222742
4279393
1022017
2998800
3845249
6996980
4290536
6078546
4661418
5129814
1947766
893354
7040508
367167
9559987
2968419
6118024
1960401
1043212
3825053
2977968
4312870
2611081
4014569
6853766
4328124
2619769
1650393
56188
6170539
5523076
4605176
174439
9070999
895048
7674514
8247045
4601283
6534107
6956091
6062004
3444302
8031804
2452864
521069
8103378
5870958
6481159
8090950
7222250
5112070
9849319
7764584
9228510
2033563
9969793
6668504
7866702
6710526
5077357
8477766
9853315
448272
6548371
1137760
5364429
2231185
6950809
7042609
5357777
8903954
4901991
5782786
5834526
9671433
9070774
6849929
8062050
6685010
2733185
7274770
5507542
9977516
7175257
7074427
2773272
6815333
6934115
3598269
9177859
2655504
2378077
4386883
9793912
3327300
5448850
6996621
9730913
5801819
2523639
3392554
3243249
7969853
4302255
5975586
7846797
6217386
6384092
2084828
5043495
3269729
5772074
3904279
3481826
7769452
7925476
1103195
7422187
1359893
6180767
4252454
3229614
8665162
369387
8084609
9282345
489256
4283654
5003200
163232
800927
2276741
897294
4292015
3627727
3729941
7280119
5260006
6851668
380202
6046048
1044718
6080662
5573179
5728043
2010521
3263997
6391816
1038141
8142394
1526777
9307730
686352
8313389
9817372
7512446
1998824
9552393
8393582
3407792
4693955
2257352
8917333
2869529
325550
8090069
984412
8845548
8365009
892266
284830
609759
4669940
7378557
2271090
1565014
3174415
3590551
9205748
2873234
7036587
5137276
7766318
2388122
1192169
4100650
9004679
8375629
4287729
3150740
2389839
5329631
4305638
7894067
906983
4824975
8842874
1769218
4742428
7797408
7968803
3907555
6953226
5899582
4862437
9292825
5701788
8654646
7017548
2281992
4130059
13695
8704443
9090598
754413
2620583
3590045
2199545
381567
597421
4943365
9806114
7977462
1986289
9691309
6420643
5665196
117511
1740162
6501223
6084738
9122073
9440986
1622353
3716288
2565540
1852570
3089454
9450796
5753089
8543417
6139707
2685290
1640063
8074718
8910654
9527283
7479674
1019066
9211548
5311724
4349297
4395130
4798430
4565533
4519020
5736358
8332450
1798946
2260909
6662166
6491942
2059518
2144708
7782998
3812285
1053781
5125445
9045979
5743625
823182
6800690
2215827
2144989
8455086
4099994
5086039
1974402
2116249
6366263
228281
2288098
815314
4298627
4613291
9827928
1732546
5548612
274513
1454615
1699114
8896178
336017
475469
7464920
9879480
9189249
9518763
2763077
9511940
378438
7022922
8860804
4292522
842435
3637200
9280637
99825
5561164
6871605
8682487
4757914
2367715
7187236
516233
4071555
2712503
6384317
7986168
3950772
503858
9623648
8112762
6879455
7799729
5708274
9233840
4429950
3088137
6355625
8156418
8785396
5169360
4106462
4352083
5303775
3240758
245417
5082943
5042462
1685501
8648976
7151803
859284
6279388
8830254
8089382
3215895
7055319
1615910
2023012
2131521
1902854
3869098
3215396
9869890
4130730
4463348
3318683
4889465
6683058
2315773
6758181
1346795
5475322
8704042
2341763
15146
4404200
320065
8185079
5865275
4985618
6554317
1349391
4752505
4288332
4358329
3207932
6664021
5855714
6698770
6488395
5802577
9646346
6095179
183231
8417543
8674363
3024336
4076124
7741544
1993429
77816
5502142
1650623
5943572
6675278
7140677
2738227
8168056
5864561
6134466
2377985
1807768
4280656
1634603
47582
493600
8689163
9990583
6695759
8282594
7705849
4236110
6256756
2521587
5262422
7265454
2551273
1772414
3179685
6151881
9760273
5395695
3812712
8428745
3417765
6165554
148742
9835517
5440901
2375536
9966958
7025131
1100558
1296394
2710391
8035712
8032780
1559287
2573630
7948839
7401271
8063315
8976129
7088188
5143357
9344244
6069310
4356500
6866622
3991614
6216779
8865477
3410695
9664354
8490408
8882368
5348390
5530414
2141107
8298595
3772730
6543773
6731581
7319974
1601093
5872650
5159428
5884682
4325017
5544
3152410
5434265
1643957
9587195
8983760
7094664
1743549
7874426
133920
2068303
8113718
7852170
9416085
3095007
4749198
8512967
1686481
4208584
9334843
578522
3676289
9697610
5590342
2029849
3710668
2173037
5333712
4212920
5121328
3951928
8020249
9999593
7012632
5585760
523332
6509035
8707204
293343
2745771
6232686
9675562
3302574
5285154
2056269
5045289
661898
3823908
3635174
7888773
2951431
1174541
4854987
3404581
5505416
1982830
4696800
6836011
8251761
6976455
6727324
6511439
5081085
3343870
5646748
5744518
4776817
5337930
2852630
2498374
2969564
4521112
6816048
3696424
7323059
2203886
8216598
1853439
6215683
7575080
4245708
5304042
4550674
3782853
1263170
9721799
9009781
797132
79637
7850602
9059265
8269166
3538245
6411043
9323773
3801093
1781421
3998016
3562792
2048185
6614285
1451775
415973
7898711
2714016
6663206
6327809
2611119
84860
9065082
1618762
5235486
9121416
5164591
1539076
2906001
6918201
5388424
5323163
2663432
1051361
4240265
2756599
4351385
4958835
311493
9574364
8827346
7258142
39450
128169
8239325
5866335
9273643
8192276
5441144
6624592
9688767
4521442
7754201
5280287
2874415
2831169
6230809
1142272
3534919
4239657
5333943
500497
4648734
3892465
9520543
7988978
1665301
2485017
2600240
4471536
9858354
9704745
2938664
742582
8808150
6233822
2584266
7360656
651091
5885017
1219810
2270291
4213763
9687412
6474512
9518159
5439409
9295334
580029
4332390
5618355
7962965
9613270
2109272
2849955
3508808
5641303
1439519
8892128
9188237
3968336
4206595
3095549
5199083
7382074
9002554
7473105
5664289
6806494
7632182
2121239
3367335
3090329
8314156
8188285
7260274
7795356
3338319
6375966
5820855
1795820
3401041
2563701
2704341
9260093
5616058
8561396
9817293
1157962
7286045
5224925
6934715
6821646
2920578
7209489
6288595
4285990
7699043
3489593
5175027
142966
6602421
5440369
9558733
7467930
4775778
4753505
6897946
6009849
1333686
6752050
6969259
2284934
5783673
771873
5341179
8472932
3518219
8193590
5326768
8087571
4413675
437266
739903
3277403
6474886
3773225
3586310
3310603
4677211
5155826
7939687
6306990
3682970
3453053
3684846
6602838
1947305
3423313
1553980
8268811
3878772
5581829
3938769
1248598
6182920
3702541
4330199
345613
4292465
3117436
1919592
8857379
4875592
7203764
6888515
8041988
814273
6490580
6221836
798271
5757418
4669590
9497373
2951127
6379032
8461299
9037201
8355671
1809461
3765957
9049822
4668658
1358200
